0
0
16
119
0
125
16
150
0
156
16
204
0
211
16
293
2
300
18
305
0
312
16
315
0
321
16
387
0
395
16
403
0
407
16
440
0
447
16
511
1
517
16
523
0
530
18
742
0
749
16
766
0
772
16
808
0
814
16
880
4
886
16
984
0
988
16
1008
0
1015
16
1054
0
1060
20
1159
1
1167
16
1173
8
1182
16
1264
0
1270
16
1334
0
1340
16
1371
0
1378
16
1464
1
1472
16
1479
0
1486
16
1549
0
1554
16
1565
2
1573
16
1594
1
1602
16
1605
1
1615
16
1620
0
1627
16
1648
0
1656
16
1760
1
1767
16
1772
1
1781
16
1784
1
1793
16
1798
0
1805
16
1865
0
1872
16
2043
1
2049
16
2053
1
2060
16
2073
0
2080
16
2163
0
2166
18
2198
0
2204
16
2258
0
2265
16
2307
0
2315
16
2328
0
2334
16
2430
0
2436
16
2474
0
2480
16
2708
0
2714
16
2778
0
2785
16
2884
0
2890
16
2900
2
2908
16
2918
1
2925
16
2965
0
2971
16
2995
0
3002
17
3265
0
3271
18
3276
0
3282
16
3286
0
3293
16
3323
2
3329
18
3332
0
3340
16
3354
0
3362
16
3423
8
3430
16
3461
2
3468
18
3488
0
3495
16
3579
0
3586
16
3602
0
3607
16
3621
0
3627
18
3646
0
3652
16
3734
0
3740
16
3743
0
3749
16
3753
0
3758
16
3761
0
3768
16
3803
0
3808
18
3816
0
3822
16
3837
0
3844
16
3855
0
3862
16
3871
0
3876
16
3897
0
3903
16
3931
0
3938
16
3949
0
3958
16
3975
0
3982
16
4004
0
4011
17
4017
0
4025
16
4060
0
4066
18
4072
2
4080
16
4195
0
4201
17
4295
2
4304
16
4336
0
4344
16
4366
0
4373
16
4450
0
4456
16
4486
2
4493
16
4500
0
4506
16
4513
0
4516
16
4546
2
4554
16
4641
1
4644
17
4660
0
4667
16
4671
2
4676
16
4681
0
4687
16
4767
0
4772
16
4814
0
4817
16
4877
0
4885
16
4910
0
4916
16
4927
0
4933
16
5025
0
5032
16
5218
0
5225
16
5254
1
5260
16
5267
1
5274
16
5287
0
5294
16
5347
0
5353
16
5414
1
5418
17
5433
1
5438
16
5515
0
5523
16
5544
0
5550
16
5578
2
5584
16
5601
0
5607
16
5719
0
5724
16
5851
0
5857
16
5871
0
5878
16
5902
0
5909
16
5939
0
5945
16
6004
0
6010
16
6022
0
6028
16
6095
0
6103
16
6114
0
6122
16
6254
0
6261
16
6276
0
6283
16
6310
0
6315
16
6325
0
6332
18
6443
0
6448
16
6467
0
6473
16
6482
0
6487
17
6496
0
6502
18
6686
0
6693
16
6712
0
6718
16
6786
1
6794
16
6803
0
6810
16
6829
0
6835
16
6889
1
6897
16
6916
0
6922
16
6946
2
6953
16
6960
2
6967
18
6989
0
6997
16
7024
0
7033
16
7049
2
7056
16
7062
8
7069
16
7094
0
7101
16
7108
1
7116
16
7122
0
7129
16
7135
0
7141
16
7289
1
7297
16
7316
0
7321
16
7343
0
7352
18
7396
0
7405
17
7449
2
7455
16
7465
1
7472
16
7479
0
7486
16
7519
1
7525
16
7534
0
7541
16
7634
0
7638
16
7851
0
7859
16
7874
2
7880
17
7954
0
7958
16
8009
8
8017
16
8074
0
8081
16
8150
4
8157
16
8189
0
8196
16
8298
0
8304
16
8328
0
8332
16
8377
0
8385
16
8414
0
8420
16
8495
0
8504
16
8511
0
8519
16
8633
0
8640
16
8667
1
8674
16
8680
0
8688
16
8699
4
8708
16
8731
0
8740
16
8821
0
8827
16
8870
0
8878
16
8900
0
8908
16
8925
0
8932
16
9005
0
9012
16
9089
0
9096
16
9112
0
9119
16
9129
0
9136
16
9193
0
9200
16
9282
0
9288
16
9294
0
9299
16
9304
0
9310
18
9366
0
9372
16
9493
0
9498
16
9523
8
9532
16
9543
1
9551
16
9557
0
9566
16
9598
0
9604
16
9630
0
9639
16
9664
8
9674
16
9695
0
9703
16
9717
2
9725
16
9736
0
9743
16
9815
0
9823
16
9849
0
9855
16
9902
0
9910
16
10101
1
10109
16
10113
0
10122
16
10199
4
10207
16
10215
0
10225
16
10251
0
10258
16
10266
0
10273
20
10287
0
10297
16
10304
8
10312
16
10329
2
10337
16
10372
1
10378
16
10384
0
10391
16
10519
0
10527
16
10547
0
10554
16
10566
0
10573
16
10632
1
10639
17
10729
0
10738
16
10750
0
10758
17
10766
0
10774
16
10785
2
10793
16
10838
2
10844
16
10863
0
10870
16
10899
0
10906
16
11004
0
11010
16
11169
0
11177
16
11237
0
11244
18
11310
1
11318
17
11322
1
11329
16
11334
1
11343
16
11371
0
11380
20
11393
0
11402
16
11528
0
11534
16
11545
0
11551
16
11594
0
11600
16
11625
2
11631
16
11642
0
11648
16
11741
0
11747
16
11758
0
11764
16
11771
4
11778
16
11859
0
11866
16
11925
0
11931
16
12000
0
12006
16
12027
0
12033
16
12064
0
12071
16
12148
0
12157
18
12238
1
12247
16
12253
1
12261
16
12291
0
12297
17
12318
0
12325
16
12448
2
12455
18
12460
0
12467
16
12555
0
12562
16
12577
0
12581
16
12603
0
12607
16
12680
0
12688
16
12742
0
12749
16
12761
2
12769
16
12776
0
12783
16
12794
0
12801
16
12859
0
12865
16
12939
1
12946
16
12955
8
12962
16
12985
0
12992
16
13206
8
13211
16
13295
2
13302
16
13317
2
13325
16
13332
0
13340
20
13471
8
13479
17
13622
0
13630
16
13640
0
13649
